[0;5;33;40m:[0;31;40m%[0;1;30;40mX8[0;5;37;40m8[0;1;37;47m%S%@[0;5;37;47m888[0;1;37;47m88t[0;5;36;40m.[0;5;33;40m@[0;1;30;40m@[0;5;31;40m8@SS@[0;5;33;40m8[0;1;30;41m8[0;5;33;40m8[0;1;30;41m8[0;5;31;40mX@@88[0;5;30;40m8[0;1;30;41m8[0;5;31;40m8888[0;5;30;40m8[0;5;31;40m8[0;5;30;40m8[0;1;30;41m8[0;1;30;40m8[0;5;30;40m8[0;31;40m8[0;5;30;40m@[0;1;30;40m8[0;5;30;40m8[0;31;40m8[0;5;30;40m@[0;1;30;40m8[0;5;31;40m8[0;1;30;40m88[0;5;31;40m8[0;1;30;40m8[0;5;30;40m88[0;30;41m8[0;5;30;40mX8[0;5;31;40m8[0;1;30;40m8[0;5;31;40m@[0;5;30;40m@[0;5;31;40m@@[0;5;30;40m@[0;5;31;40m8[0;1;30;40m8[0;5;30;40m888[0;1;30;40m8[0;5;30;40m8[0;5;33;40m [0;1;30;47m;[0;5;30;40m@[0;1;30;40m8[0;5;30;40m8[0;1;30;40m8[0;5;30;40m8[0;1;30;40m88[0;5;30;40m8[0;1;30;40m88[0;5;30;40m8[0;1;30;40m8[0;5;30;40m8[0;1;30;40m8[0;5;31;40m8[0;1;30;40m8[0;5;30;40m88[0;5;31;40m8[0;1;30;40m8[0;5;31;40m8[0;1;30;40m8[0;5;31;40m8[0;5;30;40m8[0;5;31;40m8[0;5;30;40m8[0;5;31;40m8X[0;5;33;40m8[0;5;31;40mX[0;5;33;40m@@[0;5;31;40mX[0;5;33;40m@X@[0;5;31;40m@[0;5;33;40m8[0;5;31;40m8[0;5;30;40m888[0;1;30;40m8[0;5;30;40m8[0;1;30;40m888[0;5;30;40m@[0;5;33;40m%[0;5;36;40m:[0;5;37;40m8[0;1;30;47m@8[0;5;37;40m8888[0;5;33;40m [0;1;30;47mS[0;1;30;43m8[0;1;30;47m8[0;5;33;40mStS[0;5;31;40mS[0;5;33;40m [0;1;30;47m;[0;5;36;40m [0;5;37;40mX[0;5;33;40m [0;33;47m8[0;37;43m8[0;1;37;47m%[0;5;37;47mX[0;37;43mX[0;33;47m8[0;1;30;47m8[0;5;33;40m: [0;1;30;47mS[0;5;37;40m@[0;5;33;40mSSt; [0;33;47m8[0;5;33;40m [0;1;30;47mX[0;5;33;40m.[0;1;30;47m%[0;5;37;40m88[0;1;30;47m88[0;5;37;40m8[0;5;36;40m :[0;5;30;40mX[0;1;30;40m88[0;5;30;40m8[0;1;30;40m8[0;5;30;40m88[0;5;31;40m8[0;1;30;40m8[0;5;31;40mXS[0;5;33;40m8[0;5;31;40mS[0;5;33;40m8X@[0;5;31;40mX[0;5;33;40m@@[0;5;31;40m@S@[0;5;30;40m8[0;5;31;40m8[0;1;30;40m8[0;5;31;40m8[0;5;30;40m8[0;5;31;40m8[0;1;30;40m8[0;5;31;40m8[0;1;30;40m8[0;5;30;40m88[0;1;30;40m8[0;5;30;40m8[0;1;30;40m8[0;5;30;40m8[0;31;40m8[0;5;30;40m@[0;1;30;40m88[0;5;30;40m8[0;1;30;40m88[0;5;30;40m8[0;1;30;40m8[0;5;30;40m8[0;1;30;40m8[0;5;37;40m8[0;1;30;47m@[0;5;30;40m88[0;1;30;40m8[0;5;30;40m88[0;5;31;40m8[0;1;30;40m8[0;5;31;40m@[0;5;30;40mX[0;5;31;40m@@[0;5;30;40m@[0;5;31;40m8[0;1;30;40m8[0;5;31;40m8[0;1;30;40m8[0;5;30;40m88[0;30;41m8[0;5;30;40mX8[0;31;40m8[0;5;30;40mX[0;1;30;40m8[0;5;31;40m8[0;1;30;40m888[0;5;31;40m8[0;1;30;40m88[0;5;31;40m8[0;1;30;40m8[0;5;31;40m8[0;1;30;40m8[0;5;31;40m88[0;5;30;40m8[0;5;31;40m888[0;5;30;40m8[0;1;30;41m8[0;5;31;40m888@XXSX[0;5;33;40m8[0;1;30;41m8[0;5;33;40m8[0;5;31;40m8@@[0;5;30;40m8[0;1;30;41m8[0;5;36;40mt[0;1;30;47m:[0;1;37;47m88[0;5;37;47m888[0;1;37;47m8%SS[0;1;30;47mt[0;5;32;40mS[0;31;40m;[0;1;30;40mX[0;31;40m%[0m
[0;5;33;40m:[0;31;40m%[0;5;36;40m.[0;1;37;47m%X[0;1;30;47m  t;:.[0;1;37;47m:S%;;[0;1;30;47mS[0;5;36;40m [0;5;33;40m8[0;5;31;40m8[0;5;33;40m8[0;1;30;41m8[0;5;33;40m8[0;1;30;41m8[0;5;31;40mX[0;1;30;41m8[0;5;31;40mS[0;1;30;40m8[0;1;30;41m8[0;32;40m8[0;5;31;40m8[0;31;40m8[0;5;33;40m8[0;1;30;40m8[0;5;31;40m8[0;5;30;40m@[0;5;31;40m@@[0;1;30;41m8[0;5;30;40mX[0;1;30;41m8[0;1;30;40m8[0;5;31;40m8[0;1;30;40m8[0;5;31;40mX[0;1;30;40m8[0;30;41m8[0;5;30;40mX@[0;31;40m8[0;5;30;40mX[0;31;40mX[0;5;30;40mX[0;31;40m8[0;5;30;40m@[0;31;40m8[0;5;31;40mX[0;1;30;40m8[0;5;30;40mX[0;31;40m8[0;5;30;40mS[0;1;30;40m8[0;5;31;40m@[0;5;30;40m@[0;5;31;40mX[0;1;30;40m8[0;5;31;40mS[0;1;30;40m8[0;5;30;40m@[0;30;41m8[0;5;30;40mX[0;31;40m8[0;5;31;40mX[0;5;33;40mX[0;5;37;40m8[0;1;37;47m:X[0;1;30;47m.[0;5;33;40m [0;5;31;40mX[0;1;30;40m8[0;31;40m8[0;5;30;40mX[0;31;40m8[0;5;30;40m@[0;31;40m8[0;5;30;40mX[0;31;40m8[0;5;31;40mX[0;31;40m@[0;5;30;40m@[0;1;30;40m8[0;5;30;40m8[0;30;41m8[0;5;30;40mX[0;1;30;40m8[0;5;31;40m8[0;1;30;40m8[0;5;30;40m@[0;1;30;40m8[0;5;31;40m8[0;32;40mX[0;5;31;40m8[0;1;30;40m8[0;5;30;40m8[0;5;31;40m8[0;5;30;40m@[0;5;31;40m8@S888[0;5;30;40m@8[0;1;30;40m8[0;1;30;41m8[0;1;30;40m8[0;1;30;41m8[0;5;30;40m8[0;5;33;40mX[0;5;37;40mX[0;1;30;47m;[0;1;37;47m%8888Xtt:. ..:[0;1;30;47m.X[0;5;33;40mt;[0;5;37;40m8[0;1;37;47m [0;1;30;47m.[0;5;37;40mX[0;1;30;43m8[0;33;47m@88[0;5;37;43m8[0;5;37;47m8[0;5;37;43m8[0;5;33;41mX[0;1;30;47m8[0;37;43m8[0;5;33;40m [0;1;30;47m [0;1;37;47m [0;1;30;47m@[0;5;33;40m.;[0;1;30;47m8: [0;1;37;47mt[0;1;30;47m [0;1;37;47m:  :;%[0;5;37;47m8[0;1;37;47m888X[0;1;30;47m [0;5;37;40m8[0;5;33;40m.[0;5;31;40mX[0;1;30;40m88[0;5;30;40m@[0;31;40m8[0;5;32;40mX[0;30;41m8[0;5;33;40m@[0;5;31;40m888S88[0;5;30;40mX@[0;31;40m8[0;5;32;40mS[0;31;40m8[0;5;30;40mS[0;1;30;40m8[0;5;30;40m8[0;1;30;40m8[0;5;31;40m@[0;32;40m@[0;5;31;40m8[0;1;30;40m8[0;1;30;41m8[0;1;30;40m8[0;1;30;41m8[0;1;30;40m8[0;5;30;40m8@[0;1;30;40m8[0;5;31;40m8[0;31;40mX[0;5;30;40m@[0;31;40m8[0;5;30;40mX[0;31;40m8[0;5;30;40mX[0;5;33;40mS[0;1;30;47mX[0;1;37;47mSt[0;1;30;47m@[0;5;33;40m.[0;5;31;40m@[0;1;30;40m8[0;31;40m8[0;5;30;40m8@[0;1;30;40m8[0;5;31;40mX[0;1;30;40m8[0;5;33;40m8[0;1;30;40m8[0;5;31;40m@[0;1;30;40m8[0;5;30;40m8[0;30;41m8[0;5;30;40mX[0;5;31;40m8[0;1;30;40m8[0;5;30;40m8[0;5;31;40m8[0;1;30;40m8[0;5;31;40m8[0;1;30;40m8[0;31;40mX[0;5;30;40mX[0;30;41m8[0;5;30;40m@[0;31;40mX[0;5;30;40mX[0;31;40m8[0;5;30;40m8[0;1;30;40m8[0;5;31;40m8[0;1;30;40m8[0;5;31;40m@[0;5;30;40m@[0;1;30;41m8[0;5;31;40mS[0;5;30;40m@[0;1;30;41m8[0;5;31;40mX[0;1;30;40m8[0;5;30;40m@[0;31;40m8[0;5;32;40mX[0;30;41m8[0;5;33;40m8[0;30;41m8[0;5;33;40m8[0;1;30;41m8[0;5;31;40m@S[0;1;30;41m8[0;5;33;40m8[0;1;30;41m8[0;5;33;40m8X[0;5;37;40m8[0;1;30;47m.[0;1;37;47m.tS;[0;1;30;47m [0;36;47mS[0;1;30;47m:t:[0;1;37;47m %@[0;5;36;40m.[0;5;30;40m@[0;1;30;40mX[0m
[0;5;33;40m:[0;5;36;40m;[0;1;37;47mt[0;1;36;47mX[0;1;30;47mX[0;5;36;40m8[0;5;32;40m8[0;1;30;40m8[0;32;40m8[0;5;30;40mX[0;30;42m8[0;5;32;40mS[0;5;36;40m8X.[0;1;30;47m8[0;5;37;40m88@[0;5;33;40mX[0;1;30;41m8[0;5;33;40m8[0;1;30;41m@[0;5;31;40mXX[0;1;30;40m8[0;5;31;40mS[0;30;41m8[0;5;33;40m8[0;30;41m8[0;5;32;40mS[0;5;31;40m8[0;31;40m8[0;5;33;40m8[0;1;30;41m8[0;5;31;40mX[0;1;30;41m8[0;5;32;40mS[0;1;30;41m8[0;5;33;40m8[0;31;40m8[0;5;33;40m8[0;31;40m@[0;5;30;40mS[0;31;40m@[0;5;32;40mX[0;1;30;40m8[0;30;41m8[0;5;32;40m@[0;1;30;40m8[0;5;31;40m8[0;1;30;40m8[0;5;30;40mSXXX@[0;5;31;40mS[0;5;32;40mX[0;5;31;40mS[0;5;30;40mX[0;5;31;40mX[0;1;30;40m8[0;5;31;40mS[0;1;30;40m8[0;5;33;40m8[0;31;40m@[0;5;33;40m8[0;31;40mX[0;5;32;40m8[0;1;30;40m8[0;5;32;40mS[0;5;36;40m [0;1;30;47mX[0;5;37;40m8[0;1;30;47m [0;1;37;47m8[0;33;47m8[0;1;30;47m88[0;5;33;40m;[0;5;30;40m8[0;1;30;40m8[0;5;30;40mX[0;1;30;40m8[0;5;30;40mX[0;1;30;40m8[0;5;30;40m@[0;1;30;40m8[0;5;32;40mX[0;5;31;40m@[0;5;33;40m%. ::t[0;5;32;40mS[0;5;31;40mS[0;5;33;40m%:    . ;:     .;;[0;5;36;40m; [0;1;37;47m;8[0;5;37;47m;t[0;1;37;47m8[0;1;36;47m@[0;1;30;47m:%[0;5;36;40m.[0;5;37;40m8[0;5;36;40m;::.[0;5;37;40m;S[0;1;30;47m88[0;5;37;40m8[0;1;30;47m88%8[0;5;33;40m [0;37;43m8[0;1;30;43m8[0;33;47m8[0;5;33;41m@[0;5;33;40m [0;1;33;47m@[0;5;37;47m8[0;5;1;33;47m8[0;1;33;47mS[0;1;30;47m8[0;5;33;41m8[0;37;43m8[0;1;30;43m8[0;33;47m8[0;5;33;40m.[0;1;30;47m@S88888[0;5;33;40m [0;5;37;40mX[0;5;33;40m: [0;5;36;40m. [0;5;37;40m%[0;1;30;47m88[0;36;47mX[0;1;37;47m;8[0;5;37;47mtt[0;1;37;47m8@[0;5;37;40m8[0;5;33;40m:;[0;5;36;40m.[0;5;33;40m.[0;5;36;40m     [0;5;33;40m : . [0;5;37;40m8[0;5;33;40m: :;S[0;5;31;40mX[0;5;33;40mX[0;5;35;40m.[0;5;33;40m..::S[0;5;30;40m8[0;31;40m8[0;5;30;40mX[0;31;40m@[0;5;30;40m88[0;1;30;40m8[0;5;30;40mX[0;1;30;40m8[0;5;33;40mX[0;5;37;40m@[0;1;30;47m8@ [0;1;33;47mS[0;1;30;47mS[0;5;37;40m8[0;1;30;47m8[0;5;33;40m%[0;5;30;40m8[0;1;30;40m8[0;1;30;41m8[0;32;40m8[0;5;31;40m8[0;5;30;40m@[0;30;41m8[0;5;33;40m8[0;1;30;40m8[0;5;31;40mS[0;5;32;40mX[0;5;31;40mX[0;5;30;40m8[0;5;32;40m@[0;5;31;40m8[0;1;30;40m88[0;5;30;40mX[0;31;40m@[0;5;32;40mX[0;1;30;40m8[0;5;30;40m8X[0;31;40m8[0;5;32;40mX[0;31;40m8[0;5;32;40mS[0;30;41m8[0;5;33;40m8[0;31;40m@[0;5;33;40m8[0;1;30;41m8[0;5;31;40mS[0;5;33;40m8[0;1;30;41m8[0;5;31;40mS[0;1;30;41m8[0;5;30;40mS[0;33;41m8[0;5;30;40mX[0;5;31;40m@[0;31;40m8[0;5;33;40m8[0;31;40mX[0;5;33;40m8[0;31;40m8[0;5;33;40m8[0;1;30;41m8[0;5;33;40m8[0;1;30;41m8[0;5;31;40mX[0;5;33;40m8[0;5;36;40m [0;5;37;40m888[0;5;36;40m.:8[0;1;30;42m8[0;1;30;40m8[0;5;32;40m8[0;32;40mX[0;5;30;40mX[0;1;30;42m8[0;5;36;40m8 [0;1;37;47mS[0;1;36;47mS[0;5;37;40m8[0;1;30;40m@[0m
[0;5;33;40m [0;1;30;47m@ X[0;5;32;40m@[0;34;40mt[0;5;30;40m8[0;5;36;40mSt%[0;5;34;40mS[0;5;30;40m8[0;1;30;40m88[0;5;30;40m8[0;5;32;40mX[0;5;36;40m [0;5;37;40m8[0;5;36;40m [0;1;30;47m8[0;5;33;40m8[0;30;41m8[0;5;33;40m8[0;31;40m@[0;5;33;40m8[0;31;40m8[0;5;33;40m8[0;1;30;40m8[0;5;31;40m8[0;5;30;40m@[0;1;30;41m8[0;5;30;40m@[0;5;31;40m@8[0;5;30;40m8[0;5;31;40mS[0;1;30;41m8[0;5;33;40m8[0;1;30;41m8[0;5;31;40mS[0;5;33;40m8[0;5;31;40m8[0;5;30;40mX[0;5;31;40m@[0;1;30;40m8[0;30;41m8[0;5;32;40mS[0;1;30;40m8[0;30;41m8[0;5;30;40m@[0;1;30;40m8[0;5;30;40mX[0;31;40m8[0;5;32;40mX[0;5;33;40mS[0;5;37;40m@[0;1;30;47m;[0;1;37;47m.t; [0;1;30;47m;%8[0;5;33;40m t[0;5;30;40m@[0;1;30;40m8[0;5;30;40m8[0;31;40m8[0;5;36;40m [0;1;30;47m8[0;5;33;40m .[0;37;43m8[0;1;33;47m8@[0;37;43m8[0;5;33;40m . [0;5;37;40mS[0;5;30;40mX[0;31;40m@[0;5;30;40mX[0;31;40m@[0;5;30;40m@S[0;5;33;40mS[0;1;30;47m8[0;1;37;47m.[0;1;30;47mS8888S8SXttX%ttt%8@X@@8[0;5;37;40mS[0;5;36;40m;[0;1;30;47m8[0;1;37;47m:@[0;1;36;47mXS@[0;1;30;46m8[0;1;30;47m@[0;5;36;40m..%S[0;5;32;40m8[0;5;30;40m8[0;32;40m8[0;5;32;40m8[0;5;30;40m8[0;5;32;40m8@S[0;5;33;40m%[0;5;36;40m [0;1;30;47m8[0;5;36;40m:;[0;5;33;40m@@[0;5;31;40m@[0;5;33;40m%t[0;1;31;43m8[0;33;47m8[0;5;37;41m8[0;1;33;47mS[0;5;37;47m8[0;5;37;41m8[0;37;43m@[0;1;30;43m8[0;5;35;41mS[0;5;33;40m.[0;31;43m8[0;5;33;40mS8;[0;5;36;40mt[0;5;37;40mSS[0;5;33;40mtX[0;5;32;40mX8[0;5;30;40m8[0;1;30;42m@[0;1;30;40m8[0;5;32;40m8[0;5;30;40m8[0;5;32;40m8[0;5;36;40mS :[0;1;30;46m8[0;36;47m88[0;1;36;47m@S[0;1;37;47m8S[0;36;47m8[0;5;36;40m  [0;1;30;47mSXSX@8XtttX@%:%S8@S8888[0;1;37;47m [0;1;30;47m;[0;5;37;40m%[0;5;33;40m@[0;1;30;40m8888[0;31;40m8[0;5;36;40m   [0;5;33;40m [0;33;47m8[0;1;33;47m8[0;1;37;47m [0;1;30;43m8[0;33;47m8[0;5;33;40mt[0;5;37;40mX@[0;5;32;40m8[0;31;40m@[0;5;31;40m@[0;1;30;40m8[0;5;33;40m8[0;5;36;40m.[0;1;30;47m@t;.[0;1;37;47m;%;[0;1;30;47m X[0;5;33;40m X[0;5;30;40m8[0;1;30;40m8[0;5;31;40m8[0;31;40mX[0;5;32;40mX[0;31;40m8[0;5;30;40mX8[0;5;31;40m8[0;1;30;40m8[0;5;31;40m8[0;5;30;40mX[0;5;31;40m8S[0;1;30;41m8[0;5;31;40mX[0;1;30;41m8[0;5;33;40m8[0;30;41m8[0;5;33;40m8[0;1;30;40m8[0;1;30;41m8[0;5;30;40mS[0;5;31;40m@[0;1;30;40m8[0;5;31;40m8[0;5;30;40m8[0;5;31;40m8[0;1;30;40m8[0;5;31;40m8[0;31;40m8[0;5;33;40m8[0;1;30;41m8[0;5;36;40m [0;5;37;40m8SX[0;5;36;40m%[0;5;32;40m@[0;1;30;40m8[0;5;30;40m8X[0;5;36;40mX[0;5;31;40mS[0;5;36;40mS[0;5;30;40mX8[0;1;30;40m@[0;5;30;40m8[0;5;36;40m:[0;1;37;47mS[0;1;30;47m;[0;5;36;40mX[0m
[0;1;30;47m8@[0;36;47m@[0;5;36;40m%[0;1;30;40m@[0;5;32;40mX[0;5;33;40mtX[0;5;30;40m8[0;5;31;40mS[0;5;32;40mX[0;5;33;40m;:[0;5;32;40mS[0;1;30;40m8@[0;5;36;40mX[0;5;37;40m@@%[0;5;36;40m [0;5;33;40m;[0;5;31;40mS[0;5;33;40mX[0;5;31;40mX[0;5;33;40m%XSSS%t;%[0;5;31;40mX[0;5;33;40m8tt::::SS::%::%X[0;5;36;40m;[0;1;30;47m;[0;1;37;47m8[0;5;37;47mS[0;1;37;47m88t.[0;1;30;47m:tt[0;1;37;47m   [0;1;30;47mt8[0;5;37;40mS[0;5;33;40m.[0;1;30;47m%t[0;5;37;40m8[0;1;30;43m8[0;33;47m8[0;37;43m8[0;1;33;47mS[0;1;37;47m [0;1;33;47m8[0;1;31;43m8[0;1;30;47m8[0;5;33;40mt[0;1;30;47m%8[0;5;33;40m;;[0;5;37;40mX[0;1;30;47m8Xt%[0;5;36;40m [0;5;33;40m    [0;5;37;40m@[0;5;33;40m  [0;5;37;40m@[0;5;33;40m. [0;5;37;40m8[0;5;33;40mSt;: [0;1;30;47m@[0;5;33;40m [0;1;30;47m8[0;5;33;40m:[0;5;37;40m%[0;5;36;40m ;.[0;1;30;47m8S[0;36;47m8S[0;1;30;47m:[0;5;36;40mS[0;5;32;40mS[0;5;36;40m:.[0;5;37;40mS[0;5;36;40mX[0;5;30;40m8[0;1;30;40m8[0;5;30;40mS[0;5;33;40mS[0;5;35;40mt[0;5;30;40mSS[0;1;30;40m8@8[0;5;30;40m8[0;5;32;40mS[0;5;36;40m [0;5;37;40m%[0;5;36;40m:[0;5;32;40m@[0;5;31;40mX8[0;1;30;41m@[0;5;31;40m88[0;1;30;41m8[0;1;30;43m8[0;5;33;41mX[0;33;47m8[0;31;43m8[0;1;30;45m8[0;1;30;43m8[0;5;31;40m@8888[0;5;36;40m8[0;5;33;40m  ;[0;5;32;40m8[0;34;40mS[0;1;30;40m8[0;5;30;40m8@[0;5;31;40mS[0;5;32;40mS[0;5;35;40m%[0;5;32;40m8[0;1;30;40mX[0;5;30;40m8[0;5;32;40m@[0;5;33;40m [0;5;37;40mS[0;5;36;40m;[0;5;32;40mS[0;5;36;40mt[0;1;30;47m@[0;36;47m8S[0;1;30;47m%S[0;5;36;40m:St  [0;5;37;40mS[0;1;30;47m8[0;5;37;40m@[0;5;33;40m;.;t;.  [0;5;37;40m8[0;5;33;40m:[0;5;37;40m%[0;5;33;40m      [0;1;30;47mX;tX[0;5;37;40m@[0;5;33;40m t[0;1;30;47m88[0;5;37;40m@[0;1;30;43m8[0;33;47m8[0;37;43m8[0;1;33;47mS[0;1;37;47m;[0;5;37;43m8[0;5;33;41m8[0;1;30;47m8[0;5;33;40mt[0;1;30;47m;@[0;5;36;40m .[0;1;30;47m@t  :;t;[0;1;37;47m ;S8[0;5;37;47mt[0;1;37;47m8[0;1;36;47mS[0;5;36;40m t[0;5;33;40m%t[0;5;36;40m:[0;5;33;40mS%tt%;;;;tttX[0;5;31;40mS[0;5;33;40m;%XX%%S[0;5;31;40mS[0;5;33;40mX@[0;5;30;40mX[0;5;31;40mS[0;5;36;40mt[0;5;37;40mXS[0;1;30;47m8[0;5;33;40mt[0;1;30;40m@8[0;5;32;40mS[0;5;36;40m;[0;5;33;40m;[0;5;32;40mS[0;5;30;40mX[0;5;33;40mS[0;5;36;40mS[0;5;33;40m%[0;5;32;40mS[0;1;30;40m@[0;5;36;40m8[0;1;30;47m8S[0;5;36;40m.[0m
[0;1;30;47m8X8[0;5;36;40m%[0;1;30;40m@[0;5;30;40mS[0;5;36;40mt[0;5;30;40m8[0;5;33;40m:.[0;5;30;40m@[0;1;30;40m@8[0;5;33;40mt[0;5;36;40m%[0;5;30;40m8[0;1;30;40mX[0;5;33;40mt[0;5;37;40mX%[0;5;36;40m [0;5;32;40mX[0;5;36;40mt[0;5;33;40m;[0;5;36;40m;[0;5;33;40m.  .. [0;5;37;40mXX88[0;1;30;47m@%S[0;5;37;40m8[0;1;30;47m8[0;5;37;40m8[0;1;30;47m8[0;5;37;40m88@SX[0;5;36;40m  [0;1;30;47m%  [0;1;36;47mX[0;1;30;47mS[0;1;30;46m8[0;1;30;47m@[0;1;30;46m8[0;5;36;40m@[0;5;32;40m88[0;5;30;40m8[0;5;32;40m888[0;5;36;40mX[0;5;33;40m;[0;5;36;40m [0;5;37;40m@[0;5;36;40m:.[0;5;33;40mXS[0;1;30;43m8[0;5;35;41m@[0;33;47m8[0;1;33;47mS[0;1;37;47m [0;5;33;41m;[0;1;30;47m8[0;1;30;43m88[0;5;33;40m@%[0;5;37;40mS[0;5;36;40m   :[0;5;32;40m@[0;5;30;40m8[0;5;32;40m@[0;5;33;40m@[0;5;32;40m@[0;5;33;40m@[0;5;32;40m@S[0;5;33;40m8[0;5;32;40mXSS[0;5;33;40m8[0;1;30;40m8[0;5;32;40m8[0;5;30;40m8[0;5;32;40mXS[0;5;30;40mX[0;1;30;42m8[0;5;31;40mS[0;1;30;42m8[0;5;30;40mX[0;5;33;40mX[0;5;36;40m:[0;1;30;47m8888[0;5;37;40mX[0;5;36;40m@[0;1;30;42m@[0;1;30;40m88[0;5;36;40mt[0;5;33;40m.%[0;32;40m@[0;5;30;40m@[0;5;33;40m8[0;5;37;40m%[0;1;30;47m8[0;5;37;40m@8@[0;5;33;40m ;[0;5;30;40mX[0;1;30;40m88[0;5;30;40m8[0;5;33;40mS[0;5;36;40m. [0;5;30;40m@[0;5;33;40m8[0;1;30;41m8[0;1;30;40m8[0;5;31;40m888[0;5;33;40mtS[0;1;30;41m8S[0;5;31;40m8[0;1;30;40m8[0;1;30;41m8[0;5;33;40m8[0;1;30;40m8[0;5;36;40m%[0;5;33;40m..[0;5;32;40m@[0;1;30;40mX8[0;5;31;40mX[0;5;32;40mX[0;5;33;40m [0;5;37;40mXS@8[0;1;30;47m8[0;5;33;40mt[0;5;30;40m8[0;1;30;40m8[0;5;32;40mS[0;5;33;40m ;[0;5;30;40m8[0;32;40m@[0;5;30;40mS[0;5;36;40m8[0;5;33;40m.[0;1;30;47m8@@8[0;5;36;40m .[0;5;32;40mX8[0;5;30;40m8[0;5;32;40m@X[0;5;30;40mS[0;5;32;40mS[0;5;30;40m@[0;5;32;40mX[0;5;33;40m8[0;5;32;40m@[0;5;33;40m8[0;1;30;40m8[0;5;33;40m@[0;5;32;40m@[0;5;33;40m@[0;5;32;40m@[0;5;33;40m@[0;5;32;40m@[0;5;33;40mX[0;5;32;40m8[0;5;30;40m8[0;5;32;40m8[0;5;36;40m@[0;5;33;40m;[0;5;36;40m [0;5;37;40m%[0;5;36;40m [0;5;33;40m X[0;1;30;43m8[0;5;33;40m:[0;31;43m8[0;35;47m8[0;1;33;47m8%[0;5;37;41m8[0;5;33;40m [0;1;30;43m88[0;5;33;40mt;[0;5;37;40m%[0;5;36;40m [0;5;37;40m8[0;5;36;40mSX[0;5;32;40m8[0;5;30;40m@[0;5;32;40m8[0;5;30;40m8[0;5;32;40m8X[0;5;36;40m8@t[0;36;47m88[0;1;30;47m [0;1;37;47m:[0;1;30;47m.t[0;5;36;40m: [0;5;37;40m@[0;5;36;40m [0;5;37;40m@X8[0;1;30;47m8[0;5;37;40m8[0;1;30;47mX[0;5;37;40m8[0;1;30;47m%;X[0;5;37;40m888@[0;5;33;40m  ..  [0;5;36;40m .[0;5;33;40m;[0;5;32;40m@[0;5;33;40mt [0;1;30;47m8[0;5;33;40m:[0;5;32;40m8[0;1;30;40m@[0;5;36;40mt[0;5;31;40mX[0;1;30;40m8X[0;5;30;40m8[0;5;33;40m;[0;5;35;40m [0;5;30;40m@[0;5;33;40mS[0;5;34;40mS[0;1;30;40m@[0;5;30;40m8[0;1;30;47m8@[0;5;36;40m;[0m
[0;5;33;40m [0;1;30;47m88[0;5;37;40mS[0;5;32;40mX[0;1;30;40m8[0;5;30;40m@@[0;5;33;40m; ;[0;1;30;40m8@[0;31;40m%[0;5;33;40m :[0;5;30;40m8[0;5;32;40m@[0;5;33;40m [0;5;37;40m@[0;5;33;40m;[0;5;30;40m8[0;5;33;40mXt;;tt%;:;;%t;;;%S%;.::::[0;5;36;40m.[0;1;30;47m@@t[0;5;36;40m.S[0;5;32;40mX[0;5;36;40mt:[0;5;33;40mS[0;32;40m%[0;1;30;40m8[0;5;30;40m@[0;5;33;40m:[0;5;36;40mt[0;5;30;40m8[0;1;30;40mX@[0;5;30;40m8[0;5;36;40mS[0;5;33;40m [0;5;36;40m [0;5;33;40mX8[0;1;30;41m8[0;5;31;40m8[0;5;33;40m8[0;1;30;41mS[0;1;30;43m88[0;5;35;40m:[0;1;30;41m%88[0;5;31;40m@[0;5;33;40m8[0;5;30;40mS[0;5;36;40m..[0;5;32;40mX[0;1;30;40m@@[0;5;30;40m8[0;1;30;40mX8[0;5;31;40mXX@[0;5;30;40m8[0;5;31;40m8[0;5;33;40m@[0;5;31;40mS[0;5;30;40m@8[0;5;31;40m@[0;1;30;40m8[0;31;40m@[0;5;30;40m8[0;5;31;40mX[0;5;30;40mX[0;31;40m@[0;1;30;40m8[0;5;31;40mS[0;5;36;40m; [0;1;30;47m8[0;5;36;40m [0;1;30;47m88[0;5;36;40m%[0;5;32;40m8[0;1;30;40m8[0;5;30;40m8@[0;1;30;40m@[0;5;33;40mS[0;5;36;40m; [0;5;32;40mS[0;5;30;40m8X[0;5;33;40m;[0;5;37;40m@[0;1;30;47m8[0;5;33;40m; [0;5;37;40mX[0;5;33;40m.X[0;5;30;40mXX[0;1;30;40m8X[0;5;33;40m;[0;5;36;40m .[0;32;40mS[0;5;31;40m@@[0;1;30;40m8[0;1;30;41m8[0;5;30;40m8[0;33;41m8[0;5;33;40m%[0;1;30;41m8[0;5;31;40mX[0;31;40m8[0;5;33;40m8[0;1;30;40m8[0;31;40m@[0;5;32;40mS[0;5;33;40m  [0;5;30;40m@[0;1;30;40mX[0;5;30;40m@[0;5;31;40mS[0;5;30;40m8[0;5;33;40m:   [0;1;30;47m88[0;5;33;40m;X[0;5;30;40m@[0;1;30;40m8[0;5;33;40m; [0;5;36;40m:[0;5;30;40m8@8[0;1;30;40m@[0;5;32;40m8[0;5;36;40mS[0;1;30;47m88[0;5;37;40mt[0;1;30;47m8[0;5;36;40m [0;5;37;40m%[0;5;33;40mX[0;1;30;40m8[0;31;40m@[0;5;30;40mX[0;5;33;40m8[0;1;30;40m8[0;31;40m@[0;1;30;40m8[0;5;30;40m888[0;5;33;40m%;[0;5;30;40m8[0;5;31;40m8[0;5;30;40m8[0;5;31;40mXS[0;5;30;40m8[0;1;30;40mX[0;5;30;40m8[0;31;40mX[0;1;30;40mX[0;5;30;40m8[0;5;33;40m;[0;5;36;40m::[0;5;33;40m8X[0;1;30;41m8[0;5;31;40m8[0;1;30;41m8[0;33;41m@[0;5;31;40mX[0;37;43m8[0;5;31;40mX[0;1;30;41m888[0;5;31;40m8[0;5;33;40m@:[0;5;36;40m ;[0;5;32;40m8[0;31;40mS[0;1;30;40m8[0;5;30;40m8[0;5;36;40m%[0;5;33;40m%[0;5;30;40m@[0;1;30;40mX[0;31;40mt[0;5;32;40m@[0;5;36;40m ;[0;5;32;40m@S[0;5;36;40m;[0;1;30;47m;SX[0;5;36;40m.;[0;5;33;40m . .:tSS%tt;%t;:;ttt;;;t[0;5;30;40m8[0;5;33;40mt [0;5;37;40mX[0;5;36;40m%[0;1;30;40mX[0;5;36;40mt[0;5;33;40m:[0;5;30;40m8[0;1;30;40mX8[0;5;31;40mS[0;5;36;40m;[0;5;33;40m [0;5;30;40mX888[0;5;33;40m [0;1;30;47m8[0;36;47m8[0;5;36;40m%[0m
[0;5;33;40m.[0;5;32;40m@[0;5;36;40m.[0;5;37;40mX@[0;5;33;40m :: :[0;5;32;40mS[0;1;30;40m8[0;5;31;40mX[0;1;30;40mX[0;5;32;40mS[0;5;36;40m [0;5;30;40m@8[0;5;37;40mS[0;5;33;40m .[0;5;30;40m@[0;1;30;40m88[0;5;30;40m8[0;1;30;40m8[0;5;30;40m8@[0;1;30;40m8[0;5;30;40m8X@8@S[0;5;32;40mX[0;5;30;40m8[0;5;31;40mX[0;1;30;40m8[0;5;30;40m@X[0;5;31;40mS[0;5;30;40m@[0;5;32;40mX[0;5;30;40m8[0;5;33;40m%[0;5;36;40m [0;1;30;47m8[0;5;37;40m8[0;1;30;47m8[0;5;36;40mX[0;5;32;40mX[0;5;30;40m88[0;5;33;40mt[0;5;36;40m;[0;5;30;40m8[0;1;30;40m8[0;5;32;40m%[0;5;37;40m@[0;1;30;47m8[0;5;33;40m [0;5;37;40m8[0;5;33;40mt[0;5;32;40mS[0;1;30;40m8[0;5;30;40m@[0;5;32;40mX[0;5;33;40m:[0;5;36;40mS[0;5;31;40m8X[0;5;30;40m8[0;1;30;41mX[0;5;31;40m8@[0;5;33;40mt[0;33;41mX[0;5;31;40m88X[0;5;33;40m8[0;5;30;40m8[0;5;33;40m:%[0;5;30;40m8[0;1;30;40m8[0;5;30;40m8[0;5;31;40m8[0;5;30;40m@[0;5;31;40mS[0;5;33;40m8[0;5;30;40m8X[0;5;33;40m8[0;5;31;40m@[0;5;30;40mX[0;5;31;40mX[0;5;33;40m8X;%@[0;5;30;40mS@[0;1;30;40m8[0;5;32;40mS[0;5;33;40mX[0;5;36;40mt[0;5;33;40m. [0;1;30;47m8[0;5;37;40mtt;[0;5;36;40m%[0;5;32;40m8[0;5;30;40m8@[0;5;33;40mS[0;5;30;40mX[0;1;30;40m@@[0;5;36;40mt[0;5;33;40m;   [0;5;37;40m8@[0;5;33;40m X[0;5;32;40m8[0;5;33;40m  %[0;5;30;40mX[0;5;33;40m8[0;1;30;40m8@[0;5;30;40m8[0;5;33;40m [0;1;30;47m8[0;5;32;40mS[0;1;30;40mX[0;5;31;40mSS[0;31;40m8[0;5;33;40m8[0;1;30;41m8[0;1;30;43m8[0;1;30;41m8[0;5;31;40mXS8[0;1;30;40m8[0;5;32;40m@[0;5;35;40m [0;5;37;40m8[0;5;33;40mS[0;1;30;40mS[0;5;30;40m8X[0;5;32;40mX[0;5;31;40m@[0;5;36;40m:[0;5;33;40m t[0;5;32;40m8[0;5;33;40m:[0;5;37;40m8S[0;5;33;40m    :[0;5;32;40m8[0;31;40m;[0;5;32;40mSS[0;5;30;40m@[0;1;30;40m8[0;5;30;40m8[0;5;32;40m8[0;5;36;40m [0;5;37;40mt%[0;1;30;47m8[0;5;36;40m   ;[0;5;32;40mX[0;31;40mX[0;5;32;40mS[0;5;31;40mX[0;5;33;40m8[0;5;31;40mS[0;5;33;40mt%[0;5;31;40mSS[0;5;33;40m8[0;5;31;40m@[0;5;33;40m8[0;5;30;40m8X[0;5;31;40mSS[0;5;30;40mSX8[0;1;30;40m8[0;5;30;40m8[0;5;32;40mS[0;5;33;40m%[0;5;30;40m@[0;5;31;40mX[0;5;33;40m8[0;1;30;41mX[0;5;30;40m8[0;1;30;41m8[0;5;33;40m8[0;35;41m8[0;1;30;43m8[0;1;30;41m8[0;5;31;40m8SS[0;5;30;40mX[0;5;36;40m.%[0;1;30;40m8[0;5;30;40m8[0;5;32;40mX[0;5;35;40mt[0;5;33;40m: [0;1;30;47m@8[0;5;33;40m.[0;5;30;40m8[0;1;30;40mX[0;5;36;40m:[0;5;33;40m;[0;5;30;40mX[0;1;30;40m8[0;5;32;40mX[0;5;36;40mX[0;5;37;40mS[0;1;30;47m88[0;5;37;40mS[0;5;36;40m:[0;5;32;40mX[0;5;30;40m@[0;5;32;40mX[0;5;31;40m8[0;5;32;40m8[0;1;30;40m8[0;5;30;40m8@XS[0;5;32;40mS[0;5;30;40m88X[0;5;31;40mS[0;5;30;40m8[0;1;30;40m8[0;5;30;40m@@888[0;1;30;40m88[0;5;33;40mt [0;5;37;40m8[0;5;33;40m8[0;1;30;40m8[0;5;36;40m;[0;5;33;40mt[0;1;30;40mS[0;5;31;40m@[0;1;30;40m8[0;5;32;40m8[0;5;35;40mt[0;5;33;40m;::.[0;5;37;40m@X[0;5;33;40m :[0;32;40m8[0m
[0;5;33;40m.[0;31;40mX[0;5;32;40m8[0;5;31;40mX[0;5;33;40m;;[0;5;32;40mS[0;5;30;40m@X[0;1;30;40m88[0;5;31;40m@[0;5;32;40mS[0;5;31;40m8[0;1;30;40mX[0;5;33;40mt[0;5;30;40m8X[0;5;33;40m [0;5;37;40m8[0;5;33;40mt[0;5;32;40mS[0;5;31;40m8[0;5;30;40m@[0;5;31;40m8[0;5;30;40m@[0;1;30;41m8[0;5;30;40m@[0;5;33;40m8[0;5;31;40m@S[0;5;33;40m8[0;5;30;40m8[0;5;31;40mS8X[0;5;33;40m8[0;5;32;40m@[0;5;31;40m8[0;5;30;40m8[0;1;30;40m8[0;5;30;40m@[0;5;33;40m8[0;5;35;40m%[0;5;33;40m.[0;5;36;40m [0;1;30;47m8[0;5;36;40m :[0;5;32;40m8[0;1;30;40m8[0;5;32;40mX[0;5;30;40m@[0;1;30;40m8[0;5;32;40mS[0;5;36;40m..[0;5;33;40m;. [0;5;37;40m8[0;5;33;40m%%.[0;5;31;40mX[0;5;32;40m@[0;5;31;40m8[0;1;30;40m8[0;5;30;40m8[0;5;33;40m;[0;5;36;40mS[0;1;30;40m8[0;5;31;40mS8[0;31;40m8[0;5;33;40m8[0;1;30;41m8[0;5;31;40m8[0;5;30;40m8[0;5;31;40mX[0;32;40mX[0;5;30;40m8[0;5;31;40m@[0;5;30;40mX@[0;5;33;40mX[0;5;31;40mX[0;5;32;40mS[0;5;31;40mX[0;5;32;40mX[0;31;40m8[0;5;30;40mS[0;5;31;40mSS[0;5;30;40m8X[0;5;33;40m8[0;5;30;40m8[0;5;31;40m8[0;1;30;40m8[0;5;30;40m8[0;5;31;40m@[0;5;30;40mX[0;5;33;40m%t;.[0;5;36;40m [0;5;33;40m [0;5;37;40m%[0;5;33;40m  ;[0;5;32;40mX8[0;1;30;40m8[0;5;32;40mS[0;5;33;40m%[0;5;36;40mS[0;5;30;40mS[0;5;33;40mt[0;5;32;40mS[0;31;40m%[0;1;30;40m@8[0;5;30;40mS[0;5;33;40mS;%[0;5;32;40mSX[0;1;30;40m8[0;5;30;40m8[0;5;33;40m; [0;5;32;40mS[0;5;30;40m8[0;5;33;40mX%[0;5;36;40mS[0;5;33;40m%[0;5;37;40mX[0;1;30;47mX[0;5;33;40m S[0;32;40mS[0;5;33;40m8[0;5;31;40mX[0;1;30;41m8[0;5;33;40m8[0;1;30;41m8[0;5;31;40m8[0;5;33;40m8[0;1;30;41m8[0;32;40m@[0;5;31;40mX[0;5;36;40m.[0;1;30;47mS8[0;5;33;40m:%S[0;5;31;40mS[0;5;30;40m@[0;5;32;40m8[0;5;33;40mt [0;5;32;40mS[0;1;30;40m8[0;5;31;40mS[0;5;32;40m8[0;5;33;40m%[0;5;36;40m:[0;5;33;40mt[0;5;32;40mX[0;5;30;40m8[0;1;30;40m@[0;31;40m%[0;5;32;40mS[0;5;35;40mS[0;5;33;40mS[0;5;36;40m%[0;5;33;40mS[0;5;30;40mS8[0;5;32;40m8@[0;5;33;40mS[0;5;36;40m;[0;5;33;40m [0;5;37;40m%t[0;5;33;40m  [0;5;36;40m [0;5;33;40m.[0;5;36;40m%[0;5;30;40mX[0;5;33;40m@[0;1;30;40m8[0;5;31;40m@[0;5;30;40m@[0;5;33;40m8[0;5;30;40m88@[0;5;33;40m8[0;5;31;40m8[0;5;30;40m8X[0;5;31;40mS[0;5;33;40m8[0;5;31;40mX[0;5;33;40m8[0;5;30;40mX[0;5;31;40mX[0;5;30;40m8[0;5;32;40mX[0;1;30;40m88[0;5;31;40mX[0;5;30;40m8[0;1;30;41m88[0;5;33;40m8[0;1;30;41mS[0;5;30;40m8[0;5;31;40mX[0;5;30;40m@[0;5;33;40m8[0;5;36;40m:[0;5;33;40mX[0;1;30;40m8[0;5;33;40m8[0;5;30;40m88[0;5;33;40mt.% [0;5;37;40m@[0;5;33;40m:;[0;5;36;40m:[0;5;33;40m [0;5;36;40m;[0;1;30;40m8[0;5;30;40m@X[0;1;30;40m8[0;5;32;40m8[0;5;36;40mS [0;5;37;40mX%[0;5;33;40m .S[0;1;30;40m88[0;5;31;40m8[0;5;30;40m@[0;5;33;40m8@[0;5;31;40m@[0;5;30;40m8[0;5;31;40mXS[0;5;30;40mS[0;5;32;40mS[0;5;31;40mX[0;5;33;40m8[0;5;30;40m8[0;1;30;41m8[0;1;30;40m8[0;1;30;41m8[0;5;30;40mX[0;5;31;40mS[0;5;30;40m8[0;5;33;40mS  [0;5;36;40mX[0;1;30;40m@[0;5;31;40mS[0;5;30;40m8[0;1;30;40m8[0;5;33;40m@[0;5;30;40m@[0;31;40m@[0;5;30;40m88[0;5;32;40m@[0;5;30;40mX[0;5;33;40mtt%[0;5;32;40m8[0;31;40m@[0;5;30;40m8[0m
[0;5;33;40m.[0;1;30;40m@[0;31;40m8[0;5;30;40m8[0;5;31;40m8[0;5;30;40m8[0;5;31;40m8[0;5;30;40m8[0;1;30;40m88[0;5;31;40m@[0;5;33;40m8[0;5;30;40mX@[0;1;30;40m8[0;5;30;40m@[0;1;30;40m8[0;5;36;40mX[0;5;33;40m;[0;5;37;40m8[0;5;33;40mX[0;1;30;40m@[0;5;31;40mX[0;5;33;40m8[0;1;30;40m8[0;5;31;40m@[0;32;40m8[0;5;31;40m@[0;5;30;40m8[0;5;33;40m8[0;5;30;40mXSX[0;5;33;40m8[0;5;30;40m8[0;1;30;40m88[0;5;31;40m@[0;5;30;40m8[0;5;32;40m@[0;5;31;40mS[0;5;33;40mt[0;5;36;40mt[0;5;33;40m.[0;5;37;40mX[0;1;30;47m8[0;5;36;40m.t[0;5;30;40m8[0;1;30;40m@[0;5;32;40mX[0;5;31;40mX[0;5;36;40mS[0;1;30;40m8[0;31;40mS[0;5;32;40mS[0;5;33;40m. [0;5;37;40mX[0;5;33;40m ;[0;1;30;40m88[0;5;33;40m.[0;5;32;40m@[0;1;30;40m8[0;5;30;40m8X8[0;5;33;40m:[0;5;37;40m@[0;5;33;40m8[0;1;30;40m8[0;5;33;40m8[0;5;31;40m8[0;1;30;41m8[0;5;33;40m8[0;1;30;41m8[0;5;31;40mS[0;1;30;40m8[0;31;40m8[0;5;30;40m8[0;5;36;40mX[0;5;33;40m%[0;5;36;40m:[0;5;33;40mtS[0;5;30;40m@[0;5;31;40mS[0;5;30;40mS[0;5;33;40m8[0;1;30;40m8[0;5;30;40m@[0;1;30;40m8[0;5;30;40m@[0;1;30;40m8[0;5;30;40m@S[0;5;32;40mS[0;5;33;40m%[0;5;36;40m;[0;5;33;40m:[0;5;36;40m.    [0;5;37;40mS[0;5;33;40m %[0;5;32;40m@8[0;1;30;40m@8[0;5;30;40m@[0;5;33;40mX[0;5;35;40mt[0;5;33;40mt[0;5;31;40mS[0;5;30;40m8@[0;5;33;40m t[0;1;30;40m@[0;5;31;40m8[0;32;40mX[0;1;30;40m@88[0;31;40m8[0;5;31;40mX[0;5;30;40mX[0;5;33;40m8 t[0;5;30;40mS[0;5;33;40mt[0;5;34;40mS[0;5;33;40m@[0;5;35;40mt[0;5;33;40m [0;1;30;47m%S[0;5;37;40mX[0;5;33;40m.[0;5;30;40m@[0;31;40m%[0;5;33;40m8[0;5;31;40m@[0;1;30;41m8[0;5;33;40m8[0;1;30;41m@[0;5;33;40m8[0;1;30;40mX[0;5;30;40m8[0;5;33;40m%[0;5;36;40m [0;1;30;47m@X[0;5;37;40mX[0;5;36;40m.t[0;5;33;40mS[0;5;36;40mt[0;5;31;40m8[0;5;32;40mS[0;5;33;40m t[0;5;31;40m8[0;1;30;40m888[0;31;40m@[0;1;30;40m88[0;5;31;40m8[0;1;30;40m8[0;5;30;40m8[0;5;33;40m.[0;5;32;40mS[0;1;30;40m@[0;5;31;40mS[0;5;36;40mt[0;5;33;40m:%[0;5;30;40m8[0;1;30;40m8@[0;5;32;40m8XX[0;5;33;40m:[0;5;37;40mX[0;5;33;40m [0;5;37;40m%[0;5;33;40m . [0;5;36;40m  [0;5;33;40m%[0;5;30;40m@@[0;5;31;40mX[0;5;30;40m88[0;1;30;40m88[0;5;31;40mS[0;1;30;40m8[0;5;33;40m8[0;1;30;40m8[0;5;33;40m8[0;5;30;40m@[0;5;33;40mt[0;5;36;40m;[0;5;33;40m;[0;5;35;40m;[0;5;30;40m@[0;1;30;40mX8[0;5;33;40m8[0;1;30;41m8[0;5;31;40mS[0;1;30;41m8[0;5;31;40mX[0;5;33;40m8[0;31;40m8[0;5;32;40m@[0;5;35;40m [0;5;36;40m [0;5;32;40mX[0;1;30;40m8[0;5;30;40m88@[0;5;33;40m;[0;5;32;40mS[0;1;30;40mS[0;5;33;40m%  [0;5;37;40mS[0;5;33;40m.S[0;1;30;40m@8[0;5;33;40mS[0;5;32;40mS[0;5;30;40mX[0;1;30;40m88[0;5;32;40mX[0;5;33;40m.[0;1;30;47m8[0;5;37;40m@[0;5;36;40m   [0;5;33;40m;[0;5;30;40m8@@[0;1;30;40m8[0;5;30;40m8[0;5;31;40mS[0;5;33;40m8[0;1;30;40m8[0;5;33;40m8[0;5;30;40m@[0;5;33;40m@[0;5;30;40m8[0;5;31;40m@[0;5;30;40mX[0;5;31;40mX[0;32;40m8[0;5;33;40m8[0;5;31;40m8[0;1;30;40m8[0;5;33;40m@ [0;5;37;40m8[0;5;33;40mX[0;1;30;40m8[0;5;30;40mX8[0;1;30;40m8[0;5;31;40mS[0;5;33;40m%X[0;1;30;40mX8[0;1;30;41m@[0;5;30;40m8[0;5;31;40m8[0;5;30;40m8[0;31;40m8[0;5;30;40m8[0;1;30;40m8[0;31;40m8[0m
[0;5;33;40m.[0;5;31;40m8[0;1;30;40m8[0;5;31;40m8[0;5;30;40m@[0;1;30;41m8[0;5;33;40m8[0;1;30;41m@[0;5;33;40m8[0;5;31;40m8[0;32;40mX[0;5;33;40mt[0;5;31;40mX[0;1;30;40m88[0;5;32;40mS[0;5;30;40m8[0;5;33;40m;[0;5;37;40m8[0;5;33;40mt[0;5;30;40m8@[0;5;33;40mS[0;5;30;40mS[0;5;33;40mX@[0;5;31;40mX[0;5;33;40m8[0;5;30;40m88[0;5;31;40mX[0;5;30;40mS[0;5;31;40mS[0;5;30;40m8[0;5;33;40m8@[0;5;30;40mX[0;5;36;40mt[0;5;33;40m%[0;5;36;40m:  [0;5;33;40m   [0;5;32;40mX8[0;1;30;40m8[0;5;32;40mX[0;5;31;40mS[0;5;34;40mX[0;5;30;40mX[0;5;31;40mS[0;5;33;40m%[0;5;30;40m8[0;1;30;40m8[0;5;31;40m8[0;5;30;40m8X[0;5;32;40mS[0;1;30;40m8[0;5;31;40m@[0;5;32;40m8[0;5;35;40m%[0;5;30;40m8[0;5;31;40m@[0;5;33;40mS; [0;1;30;47m@8[0;5;36;40mt[0;5;30;40m8[0;1;30;40m8[0;5;33;40m8[0;1;30;41m8[0;5;31;40m8S[0;31;40m8[0;5;32;40mS@[0;1;30;40m@8[0;5;33;40mS[0;5;36;40m%[0;5;35;40mt[0;5;33;40m;.;:..;;%;;..[0;5;35;40m.[0;5;33;40m:[0;5;36;40m     [0;5;33;40m;[0;5;32;40mX[0;5;30;40m@8[0;1;30;40m88[0;5;30;40mXS8[0;5;33;40m; t[0;1;30;40m888[0;5;31;40mS[0;5;33;40m;;%[0;5;31;40mSSX[0;5;32;40mS[0;5;31;40mS[0;5;32;40m8[0;5;31;40mS[0;5;36;40m.[0;5;33;40mt[0;5;32;40m@[0;1;30;40m88[0;31;40m@[0;1;30;40m88[0;5;33;40mt[0;1;30;47m@8[0;5;33;40m%S[0;5;30;40m8[0;5;33;40mX%[0;5;31;40mX[0;5;33;40m8[0;5;31;40m8[0;5;33;40m8[0;5;31;40mX[0;5;33;40mX[0;1;30;40m8[0;5;33;40mS: [0;1;30;47mt[0;5;33;40m [0;5;32;40mX[0;31;40mX[0;1;30;40m888[0;5;30;40mS[0;5;33;40mS[0;5;36;40m.[0;5;33;40mt@[0;5;31;40m@[0;5;32;40mS[0;5;31;40mS[0;5;33;40m8[0;5;30;40m@[0;5;33;40m8t.S[0;31;40m@[0;1;30;40m88[0;5;31;40mS[0;5;33;40m.[0;5;36;40m [0;5;30;40mS@@[0;1;30;40m@88[0;5;30;40mX[0;5;32;40mS[0;5;33;40m@[0;5;36;40mt[0;5;33;40m:   [0;5;36;40m :[0;5;33;40m. [0;5;36;40m.[0;5;33;40m;;::;;:.  :;%[0;1;30;40m88[0;5;30;40m@X[0;31;40m@[0;5;33;40m8[0;5;31;40m@[0;1;30;43m%[0;1;30;41m8[0;5;30;40m8@[0;5;33;40mS[0;5;37;40m8[0;1;30;47mS[0;5;37;40mS[0;5;33;40m tX[0;1;30;40m8[0;5;33;40m;[0;5;31;40mX[0;1;30;40m8[0;5;30;40m@[0;5;32;40mS[0;5;30;40m@S@[0;1;30;40m8[0;5;30;40m@[0;5;33;40m8[0;5;30;40m@[0;5;31;40mX[0;5;32;40mS[0;5;35;40m%[0;5;30;40m@88[0;5;32;40m8[0;5;33;40m;[0;5;36;40m [0;5;37;40mS[0;5;36;40m  [0;5;33;40m :;S[0;5;30;40mS[0;5;33;40m8[0;5;30;40m8[0;5;32;40mS[0;5;30;40m8[0;5;31;40m8[0;5;30;40m8[0;5;31;40m@[0;5;30;40m@[0;5;33;40m8[0;5;31;40mS[0;5;33;40mX[0;5;31;40mS[0;5;33;40m%[0;5;30;40m@[0;1;30;40m8[0;5;33;40m;[0;5;37;40m8[0;5;33;40m [0;5;32;40mS[0;5;30;40m88[0;1;30;40m8[0;5;31;40mS[0;5;33;40m@[0;1;30;40m8[0;5;30;40m8[0;5;33;40m8[0;5;31;40m8SSSX[0;31;40m8[0;5;31;40mS[0;1;30;40m8[0m
[0;5;33;40m [0;31;40m8[0;5;33;40m8[0;30;41m8[0;5;33;40m8[0;1;30;41m8[0;5;31;40m@[0;1;30;43mX[0;1;30;41m8[0;5;33;40m@[0;5;31;40m8[0;5;30;40m8[0;5;31;40mX[0;1;30;40m8[0;5;30;40m8[0;5;31;40m@[0;5;36;40m [0;1;30;47mt[0;5;33;40m:@[0;31;40mt[0;1;30;40m8[0;5;30;40m@[0;5;33;40m%[0;5;35;40m%[0;5;36;40m%[0;5;33;40mt[0;5;35;40mt[0;5;33;40m;:.::[0;5;36;40m . [0;5;33;40m .[0;5;36;40m [0;5;33;40m.:[0;5;32;40mX[0;5;30;40mS88[0;1;30;40m8[0;5;30;40m8[0;5;31;40m8[0;5;32;40mS[0;5;33;40m.8[0;31;40m%[0;1;30;40m8[0;5;30;40mX[0;5;33;40mXt%X[0;5;31;40mS[0;5;33;40m8Xt;[0;5;30;40m@[0;1;30;40m8[0;32;40mS[0;1;30;40m8[0;5;30;40m8[0;5;33;40m%[0;1;30;47m8[0;5;33;40m:X[0;1;30;40m8[0;5;33;40m@[0;5;30;40m@[0;5;33;40m8[0;5;31;40mX[0;5;32;40mS[0;5;33;40m@[0;1;30;40m8[0;5;35;40m%[0;5;33;40m%[0;5;30;40mX[0;1;30;40m888[0;5;30;40mX[0;5;33;40m8[0;5;32;40mS[0;5;35;40m;[0;5;33;40mt;;;::;;t[0;5;30;40mS[0;5;33;40m%[0;5;30;40m@[0;5;32;40mS[0;5;30;40mX[0;5;33;40m8[0;1;30;40m88[0;1;30;41m8[0;1;30;40m8[0;5;30;40mX[0;5;31;40m8[0;1;30;40m8[0;5;31;40m8[0;32;40mS[0;5;30;40m8[0;5;33;40m8[0;5;30;40m8[0;1;30;40m8[0;1;30;41m8[0;5;31;40mX[0;1;30;41m8[0;32;40m8[0;5;31;40m8[0;5;30;40m8[0;5;31;40mS[0;5;33;40mStXS%[0;5;30;40m@SX[0;5;31;40m8[0;31;40m8[0;5;33;40m8[0;5;31;40m8[0;5;30;40m@[0;5;33;40m8: [0;1;30;43m8[0;5;33;40mtSSS%%XX[0;5;31;40mX[0;5;33;40mXt%SSS[0;1;30;43m8[0;5;33;40m:[0;33;47m8[0;5;33;40m.%[0;5;31;40m8@X[0;31;40m8[0;5;31;40mS[0;1;30;40m8[0;5;30;40mX[0;5;32;40mX[0;5;31;40mS[0;5;33;40mS[0;5;32;40mS[0;5;33;40mtt[0;5;31;40mX[0;5;30;40m@[0;5;31;40m8[0;1;30;40m8[0;5;31;40mX@[0;30;41m8[0;5;30;40m8S[0;5;33;40m8[0;1;30;40m88[0;5;31;40m8[0;1;30;40m8[0;5;31;40m8[0;5;30;40m8[0;30;41m8[0;5;30;40m8[0;31;40m@[0;5;30;40mXX[0;5;33;40m8[0;5;30;40m8[0;5;33;40m8[0;5;32;40mX[0;5;31;40m%[0;5;36;40m%[0;5;33;40mS;;:;;;;:tX[0;5;30;40m88[0;1;30;40m88[0;5;32;40mX[0;5;33;40m;t[0;5;30;40m8[0;5;32;40mS[0;5;30;40m@[0;5;31;40m@X[0;5;32;40m8[0;5;31;40mS[0;1;30;40m@[0;5;32;40mS[0;5;36;40m:[0;5;37;40m8[0;5;33;40m [0;5;31;40mS[0;32;40mt[0;1;30;40m8@[0;5;30;40m8[0;5;33;40mt:S@[0;5;31;40mX[0;5;33;40m8@S%[0;5;30;40m@[0;1;30;40m@[0;31;40mX[0;5;30;40m@[0;5;33;40mt;[0;5;30;40mS@[0;1;30;40m88[0;5;30;40m8[0;5;32;40m8[0;5;30;40mS[0;5;33;40mt[0;5;36;40m. . [0;5;33;40m [0;5;36;40m  [0;5;33;40m   .;tt[0;5;36;40m;[0;5;33;40mt[0;5;36;40mS[0;5;30;40m88[0;31;40mS[0;5;30;40m8[0;5;33;40mt[0;1;30;47m@[0;5;37;40m8[0;5;33;40mt[0;5;30;40m8[0;1;30;40m88[0;5;31;40mX[0;5;30;40m8[0;5;31;40m@X[0;5;33;40m8[0;1;30;41m@[0;1;30;43mt[0;1;30;41m8[0;5;33;40m8[0;5;30;40m8[0;30;41m8[0;5;30;40mX[0m
[0;5;33;40m [0;5;31;40m@8[0;5;33;40m8[0;1;30;41m8[0;5;33;40m8[0;1;30;41m8[0;5;31;40m88S[0;5;30;40m@8[0;31;40mX[0;1;30;40m8[0;5;33;40mS[0;5;37;40mX[0;1;30;47m:[0;5;33;40m @[0;1;30;40mX[0;5;30;40m8[0;31;40m8[0;5;30;40mX[0;1;30;40m88[0;5;30;40m88S[0;5;33;40mX[0;5;36;40mt[0;5;33;40mS[0;5;36;40m;[0;5;33;40mt[0;5;36;40m;[0;5;33;40m;[0;5;36;40m:[0;5;33;40mX[0;5;30;40mXX[0;1;30;40m88[0;31;40m8[0;5;30;40mXX[0;31;40m8[0;5;33;40m8[0;31;40m@[0;5;30;40m8[0;5;31;40mSX[0;1;30;40m8[0;5;31;40mS[0;1;30;41m8[0;1;30;40m8[0;30;41m8[0;5;30;40m8[0;5;31;40m@[0;5;33;40mtt[0;5;35;40m%[0;5;33;40m@[0;5;31;40m8[0;5;30;40m8[0;1;30;41m8[0;5;31;40mS8[0;1;30;40m8[0;5;33;40m% :%[0;5;30;40m@[0;1;30;40mX[0;5;30;40m8[0;5;36;40m [0;5;37;40mX[0;5;33;40m [0;5;37;40m8[0;5;33;40m.[0;1;30;40m88[0;5;33;40mS[0;5;36;40mt[0;5;33;40m%X[0;31;40mS[0;1;30;40m8@[0;31;40m8[0;5;30;40m888[0;5;31;40m8[0;1;30;40m8[0;5;30;40mX8[0;1;30;40m8[0;5;30;40m8[0;1;30;40m8[0;31;40m8[0;5;30;40m8[0;31;40m8[0;5;31;40m@[0;30;41m8[0;5;31;40mS[0;1;30;41m8[0;5;33;40m8[0;1;30;41m8[0;5;33;40m8[0;30;41m8[0;5;33;40m8[0;30;41m8[0;5;33;40m8[0;30;41m8[0;5;31;40m8[0;1;30;40m8[0;1;30;41m8[0;5;33;40m8[0;1;30;41m8[0;1;30;43m%[0;5;33;40m88[0;5;31;40m8[0;1;30;43m@[0;5;31;40m8@[0;5;30;40m@[0;5;31;40m8[0;1;30;40m8[0;5;31;40m8X[0;5;33;40m8[0;1;30;41m8[0;5;33;40m88[0;5;31;40m8[0;1;30;43m8[0;5;33;40m@[0;5;31;40m@[0;5;33;40mS[0;1;30;43m8[0;1;30;47m8[0;1;30;43m8[0;33;47m8[0;37;43m8[0;33;47m8[0;1;30;43m8[0;33;47m8[0;1;30;43m8[0;1;30;47m8[0;1;30;43m8[0;37;43m8[0;1;30;43m8[0;33;47m8[0;37;43m8[0;33;47m8[0;1;30;43m8[0;1;30;47m8[0;1;30;43m88[0;5;33;40m:X88[0;1;30;43m8[0;5;33;40m888[0;1;30;41m8[0;5;31;40m@[0;5;30;40mX[0;5;31;40m88[0;5;30;40m8[0;5;31;40m8S[0;5;33;40m8[0;5;31;40m@[0;1;30;43m@[0;5;33;40m888[0;1;30;41m8[0;5;31;40mX[0;31;40m8[0;5;31;40mS[0;31;40m8[0;5;33;40m8[0;30;41m8[0;5;33;40m8[0;1;30;41m8[0;5;33;40m8[0;5;31;40m@[0;5;33;40m8[0;1;30;41m88[0;31;40m8[0;5;31;40mS[0;31;40mX[0;1;30;40m8[0;31;40m8[0;5;30;40m@[0;1;30;40m8[0;5;30;40m88888@8[0;1;30;40m8[0;31;40m@[0;5;30;40m8[0;1;30;40m8[0;31;40m8[0;5;33;40mX;[0;5;35;40mS[0;5;32;40mS[0;5;30;40m8[0;1;30;40m8[0;5;33;40m%[0;5;37;40m%[0;5;36;40m [0;5;37;40m%S[0;5;33;40m%[0;1;30;40mX[0;5;30;40m8[0;5;31;40mS[0;5;33;40mt  @[0;31;40m8[0;5;33;40m8[0;30;41m8[0;5;30;40mS[0;5;33;40m8[0;5;31;40mX[0;5;33;40mtt[0;5;35;40m;[0;5;31;40mX[0;1;30;40m8[0;31;40m8[0;5;31;40m@XS[0;31;40m8[0;5;33;40m88[0;31;40m8[0;5;31;40mS[0;1;30;40m8[0;5;31;40m@[0;1;30;40m8[0;31;40m8[0;5;30;40m@[0;1;30;40m8[0;5;30;40m8X[0;5;33;40m8[0;5;30;40m@[0;5;33;40mt[0;5;36;40m:[0;5;33;40m;;:;t[0;5;36;40m%[0;5;30;40mX@8[0;1;30;40m8[0;31;40m8[0;5;30;40mX[0;31;40m8[0;5;32;40mS[0;31;40m@[0;5;32;40mX[0;5;33;40mt[0;1;30;47m%@[0;5;33;40mt[0;1;30;40m88[0;5;30;40m8[0;5;31;40m8[0;5;33;40m8[0;1;30;41m8[0;5;31;40m88XX[0;1;30;41m8[0;5;33;40m8[0;5;31;40m8[0;31;40m@[0m
[0;5;33;40m [0;5;31;40mX@@S[0;1;30;41m8[0;5;33;40m8@t%S[0;5;31;40m@[0;5;33;40m%.[0;5;37;40m@8[0;5;33;40m%@[0;5;30;40m8[0;5;31;40m8X[0;5;33;40m88[0;1;30;41m8[0;5;31;40mXSX[0;32;40mX[0;31;40m8[0;5;30;40m8[0;1;30;40m8[0;5;30;40m8[0;31;40m8[0;5;30;40mX[0;1;30;40m8[0;31;40m8[0;5;30;40m@[0;31;40m8[0;5;31;40mS[0;31;40m8[0;5;33;40m8[0;1;30;40m8[0;1;30;41m8[0;5;33;40m8[0;1;30;40m8[0;5;31;40m@S[0;31;40m8[0;5;33;40m8[0;1;30;41m8[0;5;33;40m8[0;1;30;43m%[0;5;33;40m888[0;5;31;40m8[0;5;33;40m8[0;5;31;40m8@XX[0;5;33;40m8[0;5;31;40mS[0;1;30;43m@[0;5;33;40m@X8[0;5;31;40m8[0;5;33;40m8[0;1;30;40m8[0;5;30;40m8[0;5;31;40m8[0;1;30;40m8[0;5;30;40m@@[0;5;33;40m; @[0;5;30;40m8@[0;5;31;40m8[0;1;30;40m8[0;1;30;41m8[0;1;30;40m8[0;5;30;40m8[0;5;31;40mS[0;5;33;40m8[0;5;31;40m8[0;5;33;40m8[0;5;31;40m8[0;1;30;43mS[0;1;30;41m8[0;5;33;40m8[0;5;31;40mX[0;31;43m8[0;5;31;40mS[0;5;33;40m8[0;1;30;41m8[0;5;33;40m8[0;5;31;40m8[0;5;33;40m88[0;5;31;40mX[0;1;30;43mX[0;5;31;40mS[0;1;30;43mt[0;1;30;41m8[0;5;33;40m8[0;5;31;40m8[0;1;30;43m@[0;5;33;40m888@8[0;5;31;40m8[0;1;30;43mX[0;5;31;40m8[0;1;30;43m8[0;5;33;40mX%[0;1;30;43m8[0;5;33;40mt[0;1;30;43m8[0;5;33;40m@[0;1;30;43m8[0;5;33;40m88[0;1;30;43m8[0;5;33;40m@[0;1;30;43m8[0;5;33;40m8X[0;1;30;43m8[0;1;30;47m8[0;1;30;43m8[0;1;30;47m8[0;37;43m8[0;33;47m8888@8[0;5;37;41m8[0;33;47m88[0;5;37;41m8[0;33;47m8[0;5;33;41mS[0;1;30;47m@[0;33;47m8[0;1;31;47m8[0;37;43m8[0;5;37;41m8[0;33;47m88[0;5;37;41m8[0;33;47m@@88[0;1;30;43m8[0;1;30;47m8[0;1;30;43m8[0;1;30;47m8[0;1;30;43m8[0;5;33;40m%[0;1;30;43m888[0;5;33;40m@[0;1;30;43m8[0;5;33;40m8[0;1;30;43m8[0;5;33;40m8[0;1;30;43m8[0;5;33;40m@S[0;1;30;43m8[0;5;33;40mt[0;1;30;43m8@[0;5;33;40m888888[0;5;31;40m8[0;5;33;40m8[0;5;31;40m8[0;1;30;43m%[0;1;30;41m8[0;1;30;43mS[0;5;33;40m88[0;5;31;40mX[0;1;30;43mX[0;5;31;40m8[0;5;33;40m8[0;1;30;41m8[0;5;33;40m8[0;1;30;41m8[0;5;33;40m8[0;1;30;41m8[0;5;33;40m8[0;1;30;41m8[0;1;30;43mS[0;1;30;41m8[0;5;33;40m88[0;5;31;40m8[0;5;33;40m8[0;5;31;40m@[0;1;30;40m88[0;5;31;40m8[0;1;30;40m8[0;5;31;40m@[0;1;30;40m8[0;5;30;40m8[0;5;33;40m8[0;5;36;40m;[0;5;33;40m [0;5;32;40m@[0;1;30;40m88[0;5;31;40m8[0;1;30;40m8[0;5;30;40mS[0;5;33;40m8[0;5;30;40m8[0;5;31;40m@[0;5;33;40mS;t8[0;1;30;41m8[0;5;33;40m8[0;5;31;40m8@S[0;5;33;40m8[0;5;31;40m@[0;5;33;40m88888[0;1;30;41m@[0;5;31;40m8[0;5;30;40mX[0;1;30;41m8[0;5;33;40m8[0;31;40m@[0;5;33;40m8[0;5;31;40mS[0;30;41m8[0;5;33;40m8[0;31;40m@[0;1;30;40m8[0;31;40m8[0;5;30;40mX[0;31;40m@[0;5;30;40mX[0;1;30;40m8[0;5;30;40m8[0;1;30;40m8[0;5;30;40m8[0;31;40m8[0;5;30;40mX[0;31;40m8[0;5;33;40m8[0;5;31;40m8S[0;5;30;40mS[0;1;30;43mX[0;5;33;40m8[0;1;30;41m8[0;5;30;40mX[0;5;31;40m8[0;5;30;40m8[0;5;33;40mS [0;5;37;40m8[0;5;33;40m.S[0;5;31;40mS[0;5;30;40m8[0;5;33;40mt%S8[0;1;30;41mX[0;5;33;40m8[0;1;30;41m8[0;5;31;40m@S[0;5;30;40mS[0m
[0;5;33;40m 8[0;1;30;41m8[0;5;33;40m8[0;1;30;41m8[0;5;33;40m8[0;1;30;41m8[0;5;37;40m%8[0;1;30;47m8[0;5;37;40m88[0;5;33;40m [0;5;37;40m8[0;5;33;40mS[0;5;30;40mS@S[0;1;30;40m8[0;5;33;40m8[0;30;41m8[0;5;33;40m88[0;5;31;40mX[0;31;40m8[0;1;30;43m%[0;5;31;40m@[0;5;33;40m8[0;5;31;40m8[0;1;30;41m8[0;5;33;40m8[0;1;30;43m8[0;5;31;40mXS[0;1;30;43mX[0;5;33;40mX[0;1;30;43m8[0;5;33;40mS[0;1;30;43m8[0;5;33;40mX[0;5;31;40m@[0;1;30;43m%[0;5;30;40m8[0;1;30;43mS[0;5;31;40m8[0;1;30;43m@8[0;5;33;40m%[0;1;30;43m8[0;5;33;40mX8%:[0;33;47m8[0;1;30;43m8[0;5;33;40m.[0;1;30;43m8[0;5;33;40m:[0;1;30;43m88[0;5;33;40m:[0;37;43m8[0;33;47m8[0;1;30;47m8[0;33;47m88[0;5;33;40mt[0;1;30;43m8[0;5;33;40m%88888[0;5;31;40m8[0;5;33;40m8[0;5;30;40m@8[0;5;31;40m8[0;1;30;43m8[0;5;33;40m@[0;1;30;43m8[0;5;33;40mt[0;1;30;43m88[0;5;33;40m%[0;1;30;43m8[0;33;47m8[0;1;30;43m8[0;5;37;40mS[0;1;30;43m8[0;5;37;40mX[0;1;30;43m88[0;1;30;47m8[0;1;30;43m88[0;5;33;40mt[0;1;30;43m88[0;5;33;40mt[0;1;30;43m8[0;5;33;40mX@[0;1;30;43m8[0;5;33;40m%[0;1;30;43m8[0;5;33;40m;[0;37;43m8[0;5;33;40m:[0;1;30;43m8[0;1;30;47m8[0;37;43m8[0;5;33;40m [0;37;43m8[0;1;30;43m8[0;5;33;40m [0;37;43m8[0;5;33;40m;[0;33;47m88[0;1;31;47m@[0;33;47m888[0;1;30;47m8[0;37;43m8[0;33;47m8[0;1;30;47m8[0;33;47m88[0;5;33;40m.[0;33;47m888[0;1;33;47m@[0;1;31;47m8[0;33;47m888[0;1;31;47m@[0;33;47m8[0;1;31;47m@[0;33;47m8@88@XX8888@888@[0;1;31;47m@[0;33;47m@[0;1;31;47m@[0;33;47m@8[0;1;31;47m@[0;33;47m8@8[0;1;30;47m8[0;33;47m88[0;1;30;47m8[0;37;43m8[0;33;47m8[0;1;30;47m8[0;1;31;43m8[0;1;30;47m8[0;33;47m88[0;1;31;47m@[0;33;47m8[0;1;30;43m8[0;1;30;47m8[0;1;31;43m8[0;5;33;40m [0;1;30;43m8[0;1;30;47m8[0;1;30;43m8[0;33;47m8[0;1;30;43m8[0;5;37;40mS[0;1;30;43m8[0;5;37;40m%[0;1;30;43m8[0;5;33;40m;[0;1;30;43m8[0;5;33;40m@[0;1;30;43m8[0;5;33;40m%[0;1;30;43m8[0;5;33;40mt[0;1;30;43m88[0;5;33;40m;[0;1;30;43m88[0;5;33;40m.[0;37;43m8[0;5;33;40m;[0;37;43m8[0;5;33;40m:[0;1;30;43m8[0;33;47m8[0;1;30;43m8[0;5;33;40m;[0;1;30;43m88[0;5;33;40mS[0;1;30;43m88[0;5;33;40m%8[0;1;30;41mX[0;5;30;40m@[0;5;33;40m@[0;5;31;40m8S[0;5;33;40m888[0;5;31;40m8[0;5;33;40m8@%[0;33;47m88@8[0;1;30;47m8[0;1;30;43m8[0;5;33;40m:[0;1;30;43m88[0;5;33;40m;[0;1;30;43m8[0;5;37;40mS[0;1;30;43m8[0;1;30;47m8[0;1;30;43m8[0;5;33;40mSS[0;1;30;43m888[0;5;33;40mX8[0;5;31;40m8[0;5;33;40m8[0;5;31;40mSX[0;1;30;43mX[0;5;33;40m8@[0;1;30;43m8[0;5;33;40m%[0;1;30;43m8[0;5;31;40m8[0;1;30;41m8[0;1;30;43m@[0;5;33;40m8[0;5;31;40m@S[0;5;33;40m8[0;31;40m8[0;5;33;40m8[0;31;40m8[0;5;33;40m88[0;1;30;41m8[0;5;31;40mS[0;1;30;43mt[0;31;40mX[0;5;33;40mX[0;5;30;40m@[0;5;31;40mX[0;5;33;40mS [0;5;37;40m88[0;1;30;47m8@[0;5;37;40m88[0;5;33;40m8[0;1;30;41m8[0;5;33;40m8[0;1;30;41m8[0;5;33;40m8[0;1;30;41m8[0;5;31;40mS[0m
